createdAt,value
2025-04-03T20:59:55.797Z,0.00
2025-04-03T20:58:55.862Z,0.00
2025-04-03T20:57:55.815Z,0.00
2025-04-03T20:56:55.861Z,0.00
2025-04-03T20:55:56.762Z,0.00
2025-04-03T20:54:55.893Z,0.00
2025-04-03T20:53:55.886Z,0.00
2025-04-03T20:52:55.867Z,0.00
2025-04-03T20:51:55.884Z,0.00
2025-04-03T20:50:55.932Z,0.00
2025-04-03T20:49:55.892Z,0.00
2025-04-03T20:48:56.062Z,0.00
2025-04-03T20:47:56.044Z,0.00
2025-04-03T20:46:55.922Z,0.00
2025-04-03T20:45:57.543Z,0.00
2025-04-03T20:44:55.988Z,0.00
2025-04-03T20:43:55.995Z,0.00
2025-04-03T20:42:55.980Z,0.00
2025-04-03T20:41:56.028Z,0.00
2025-04-03T20:40:56.021Z,0.00
2025-04-03T20:39:56.011Z,0.00
2025-04-03T20:38:56.112Z,0.00
2025-04-03T20:37:56.023Z,0.00
2025-04-03T20:36:56.065Z,0.00
2025-04-03T20:35:57.064Z,0.00
2025-04-03T20:34:56.074Z,0.00
2025-04-03T20:33:56.381Z,0.00
2025-04-03T20:32:56.164Z,0.00
2025-04-03T20:31:56.107Z,0.00
2025-04-03T20:30:56.135Z,0.00
2025-04-03T20:29:56.214Z,0.00
2025-04-03T20:28:56.139Z,0.00
2025-04-03T20:27:56.143Z,0.00
2025-04-03T20:26:56.185Z,0.00
2025-04-03T20:25:56.183Z,0.00
2025-04-03T20:24:56.195Z,0.00
2025-04-03T20:23:56.216Z,0.00
2025-04-03T20:22:56.202Z,0.00
2025-04-03T20:21:56.246Z,0.00
2025-04-03T20:20:56.238Z,0.00
2025-04-03T20:19:56.255Z,0.00
2025-04-03T20:18:56.323Z,0.00
2025-04-03T20:17:56.315Z,0.00
2025-04-03T20:16:56.302Z,0.00
2025-04-03T20:15:56.333Z,0.00
2025-04-03T20:14:56.459Z,0.00
2025-04-03T20:13:56.302Z,0.00
2025-04-03T20:12:56.325Z,0.00
2025-04-03T20:11:56.400Z,0.00
2025-04-03T20:10:56.355Z,0.00
2025-04-03T20:09:56.391Z,0.00
2025-04-03T20:08:56.407Z,0.00
2025-04-03T20:07:56.369Z,0.00
2025-04-03T20:06:56.460Z,0.00
2025-04-03T20:05:59.916Z,0.00
2025-04-03T20:04:56.526Z,0.00
2025-04-03T20:03:56.746Z,0.00
2025-04-03T20:02:56.581Z,0.00
2025-04-03T20:01:56.444Z,0.00
2025-04-03T20:01:03.268Z,0.00
2025-04-03T19:59:56.558Z,0.00
2025-04-03T19:58:56.474Z,0.00
2025-04-03T19:57:56.481Z,0.00
2025-04-03T19:56:56.504Z,0.00
2025-04-03T19:55:56.586Z,0.00
2025-04-03T19:54:56.599Z,0.00
2025-04-03T19:53:56.623Z,0.00
2025-04-03T19:52:56.546Z,0.00
2025-04-03T19:51:56.792Z,0.00
2025-04-03T19:50:59.375Z,0.00
2025-04-03T19:49:57.472Z,0.00
2025-04-03T19:48:56.787Z,0.00
2025-04-03T19:47:56.678Z,0.00
2025-04-03T19:46:56.613Z,0.00
2025-04-03T19:45:56.612Z,0.00
2025-04-03T19:44:56.710Z,0.00
2025-04-03T19:43:56.635Z,0.00
2025-04-03T19:42:56.651Z,0.00
2025-04-03T19:41:58.279Z,0.00
2025-04-03T19:41:01.054Z,0.00
2025-04-03T19:39:56.728Z,0.00
2025-04-03T19:38:56.787Z,0.00
2025-04-03T19:37:56.716Z,0.00
2025-04-03T19:37:34.885Z,0.00
2025-04-03T19:32:25.082Z,0.00
2025-04-03T19:31:25.042Z,0.00
2025-04-03T19:30:31.399Z,0.00
2025-04-03T19:29:25.067Z,0.00
2025-04-03T19:28:25.062Z,0.00
2025-04-03T19:27:25.095Z,0.00
2025-04-03T19:26:25.098Z,0.00
2025-04-03T19:25:25.126Z,0.00
2025-04-03T19:24:25.167Z,0.00
2025-04-03T19:23:25.468Z,0.00
2025-04-03T19:22:25.122Z,0.00
2025-04-03T19:21:25.359Z,0.00
2025-04-03T19:20:34.683Z,0.00
2025-04-03T19:19:25.389Z,0.00
2025-04-03T19:18:25.364Z,0.00
2025-04-03T19:17:25.182Z,0.00
2025-04-03T19:16:25.200Z,0.00
2025-04-03T19:15:25.213Z,0.00
2025-04-03T19:14:25.226Z,0.00
2025-04-03T19:13:25.236Z,0.00
2025-04-03T19:12:35.670Z,0.00
2025-04-03T19:11:25.337Z,0.00
2025-04-03T19:10:32.695Z,0.00
2025-04-03T19:09:25.262Z,0.00
2025-04-03T19:08:25.287Z,0.00
2025-04-03T19:07:25.340Z,0.00
2025-04-03T19:06:25.303Z,0.00
2025-04-03T19:05:25.331Z,0.00
2025-04-03T19:04:25.313Z,0.00
2025-04-03T19:03:25.387Z,0.00
2025-04-03T19:02:25.302Z,0.00
2025-04-03T19:01:25.420Z,0.00
2025-04-03T19:00:32.694Z,0.00
2025-04-03T18:59:25.389Z,0.00
2025-04-03T18:58:25.383Z,0.00
2025-04-03T18:57:25.393Z,0.00
2025-04-03T18:56:25.582Z,0.00
2025-04-03T18:55:25.411Z,0.00
2025-04-03T18:54:25.474Z,0.00
2025-04-03T18:53:25.434Z,0.00
2025-04-03T18:52:25.550Z,0.00
2025-04-03T18:51:25.641Z,0.00
2025-04-03T18:50:28.299Z,0.00
2025-04-03T18:49:25.520Z,0.00
2025-04-03T18:48:25.631Z,0.00
2025-04-03T18:47:27.597Z,0.00
2025-04-03T18:46:25.521Z,0.00
2025-04-03T18:45:25.570Z,0.00
2025-04-03T18:44:25.584Z,0.00
2025-04-03T18:43:25.551Z,0.00
2025-04-03T18:42:25.581Z,0.00
2025-04-03T18:41:25.582Z,0.00
2025-04-03T18:40:32.318Z,0.00
2025-04-03T18:39:25.619Z,0.00
2025-04-03T18:38:25.614Z,0.00
2025-04-03T18:37:25.623Z,0.00
2025-04-03T18:36:25.690Z,0.00
2025-04-03T18:35:25.682Z,0.00
2025-04-03T18:34:25.790Z,0.00
2025-04-03T18:33:25.952Z,0.00
2025-04-03T18:32:25.682Z,0.00
2025-04-03T18:31:25.706Z,0.00
2025-04-03T18:30:32.134Z,0.00
2025-04-03T18:29:25.740Z,0.00
2025-04-03T18:28:25.836Z,0.00
2025-04-03T18:27:25.731Z,0.00
2025-04-03T18:26:25.776Z,0.00
2025-04-03T18:25:25.756Z,0.00
2025-04-03T18:24:25.808Z,0.00
2025-04-03T18:23:25.864Z,0.00
2025-04-03T18:22:25.793Z,0.00
2025-04-03T18:21:25.829Z,0.00
2025-04-03T18:20:33.571Z,0.00
2025-04-03T18:19:25.898Z,0.00
2025-04-03T18:18:26.000Z,0.00
2025-04-03T18:17:25.786Z,0.00
2025-04-03T18:16:25.862Z,0.00
2025-04-03T18:15:25.803Z,0.00
2025-04-03T18:14:25.871Z,0.00
2025-04-03T18:13:26.729Z,0.00
2025-04-03T18:12:26.800Z,0.00
2025-04-03T18:11:25.932Z,0.00
2025-04-03T18:10:30.457Z,0.00
2025-04-03T18:09:25.868Z,0.00
2025-04-03T18:08:25.921Z,0.00
2025-04-03T18:07:25.908Z,0.00
2025-04-03T18:06:25.929Z,0.00
2025-04-03T18:05:25.943Z,0.00
2025-04-03T18:04:25.924Z,0.00
2025-04-03T18:03:26.102Z,0.00
2025-04-03T18:02:26.061Z,0.00
2025-04-03T18:01:26.109Z,0.00
2025-04-03T18:00:32.681Z,0.00
2025-04-03T17:59:25.993Z,0.00
2025-04-03T17:58:25.996Z,0.00
2025-04-03T17:57:26.005Z,0.00
2025-04-03T17:56:26.039Z,0.00
2025-04-03T17:55:26.091Z,0.00
2025-04-03T17:54:26.032Z,0.00
2025-04-03T17:53:26.067Z,0.00
2025-04-03T17:52:26.087Z,0.00
2025-04-03T17:51:26.181Z,0.00
2025-04-03T17:50:32.263Z,0.00
2025-04-03T17:49:26.142Z,0.00
2025-04-03T17:48:26.289Z,0.00
2025-04-03T17:47:26.151Z,0.00
2025-04-03T17:46:26.118Z,0.00
2025-04-03T17:45:31.733Z,0.00
2025-04-03T17:44:26.161Z,0.00
2025-04-03T17:43:26.163Z,0.00
2025-04-03T17:42:26.166Z,0.00
2025-04-03T17:41:26.199Z,0.00
2025-04-03T17:40:26.251Z,0.00
2025-04-03T17:39:26.210Z,0.00
2025-04-03T17:38:26.213Z,0.00
2025-04-03T17:37:26.235Z,0.00
2025-04-03T17:36:27.683Z,0.00
2025-04-03T17:35:32.507Z,0.00
2025-04-03T17:34:26.265Z,5.62
2025-04-03T17:33:26.363Z,5.62
2025-04-03T17:32:26.282Z,5.62
2025-04-03T17:31:26.375Z,5.62
2025-04-03T17:30:26.340Z,5.62
2025-04-03T17:29:26.300Z,5.62
2025-04-03T17:28:26.369Z,5.62
2025-04-03T17:27:26.326Z,5.62
2025-04-03T17:26:26.379Z,5.62
2025-04-03T17:25:32.377Z,5.62
2025-04-03T17:24:26.418Z,5.62
2025-04-03T17:23:26.399Z,5.62
2025-04-03T17:22:26.386Z,5.62
2025-04-03T17:21:26.422Z,5.62
2025-04-03T17:20:26.438Z,11.25
2025-04-03T17:19:26.470Z,11.25
2025-04-03T17:18:26.672Z,11.25
2025-04-03T17:17:26.468Z,11.25
2025-04-03T17:16:26.479Z,11.25
2025-04-03T17:15:33.850Z,11.25
2025-04-03T17:14:26.484Z,11.25
2025-04-03T17:13:26.670Z,16.88
2025-04-03T17:12:33.353Z,16.88
2025-04-03T17:11:26.597Z,11.25
2025-04-03T17:10:26.555Z,16.88
2025-04-03T17:09:26.651Z,16.88
2025-04-03T17:08:30.315Z,16.88
2025-04-03T17:07:26.607Z,16.88
2025-04-03T17:06:26.745Z,22.50
2025-04-03T17:05:33.833Z,22.50
2025-04-03T17:04:26.662Z,28.12
2025-04-03T17:03:27.224Z,33.75
2025-04-03T17:02:26.776Z,33.75
2025-04-03T17:01:26.630Z,33.75
2025-04-03T17:00:26.636Z,39.38
2025-04-03T16:59:26.638Z,33.75
2025-04-03T16:58:26.649Z,28.12
2025-04-03T16:57:29.663Z,28.12
2025-04-03T16:56:26.674Z,39.38
2025-04-03T16:55:32.085Z,50.62
2025-04-03T16:54:26.722Z,78.75
2025-04-03T16:53:26.925Z,118.12
2025-04-03T16:52:26.764Z,146.25
2025-04-03T16:51:28.621Z,146.25
2025-04-03T16:50:26.817Z,140.62
2025-04-03T16:49:26.799Z,101.25
2025-04-03T16:48:27.664Z,168.75
2025-04-03T16:47:26.851Z,258.75
2025-04-03T16:46:26.777Z,202.50
2025-04-03T16:45:33.997Z,112.50
2025-04-03T16:44:26.946Z,118.12
2025-04-03T16:43:26.937Z,123.75
2025-04-03T16:42:26.846Z,123.75
2025-04-03T16:41:26.871Z,163.12
2025-04-03T16:40:26.898Z,264.38
2025-04-03T16:39:26.881Z,298.12
2025-04-03T16:38:26.924Z,230.62
2025-04-03T16:37:26.890Z,241.88
2025-04-03T16:36:27.005Z,343.12
2025-04-03T16:35:34.804Z,281.25
2025-04-03T16:34:26.992Z,118.12
2025-04-03T16:33:27.447Z,73.12
2025-04-03T16:32:26.966Z,151.88
2025-04-03T16:31:27.006Z,196.88
2025-04-03T16:30:26.985Z,292.50
2025-04-03T16:29:26.966Z,348.75
2025-04-03T16:28:27.024Z,354.38
2025-04-03T16:27:27.086Z,303.75
2025-04-03T16:26:27.006Z,185.62
2025-04-03T16:25:32.005Z,180.00
2025-04-03T16:24:27.008Z,135.00
2025-04-03T16:23:27.032Z,157.50
2025-04-03T16:22:27.089Z,151.88
2025-04-03T16:21:27.040Z,196.88
2025-04-03T16:20:27.067Z,258.75
2025-04-03T16:19:27.059Z,264.38
2025-04-03T16:18:27.813Z,241.88
2025-04-03T16:17:27.111Z,168.75
2025-04-03T16:16:27.145Z,208.12
2025-04-03T16:15:31.631Z,253.12
2025-04-03T16:14:27.123Z,191.25
2025-04-03T16:13:27.150Z,281.25
2025-04-03T16:12:27.151Z,320.62
2025-04-03T16:11:27.249Z,331.88
2025-04-03T16:10:27.161Z,388.12
2025-04-03T16:09:27.188Z,450.00
2025-04-03T16:08:27.188Z,410.62
2025-04-03T16:07:27.243Z,461.25
2025-04-03T16:06:27.254Z,433.12
2025-04-03T16:05:32.423Z,444.38
2025-04-03T16:04:27.342Z,320.62
2025-04-03T16:03:31.212Z,208.12
2025-04-03T16:02:27.347Z,331.88
2025-04-03T16:01:27.321Z,416.25
2025-04-03T16:00:27.314Z,421.88
2025-04-03T15:59:27.284Z,393.75
2025-04-03T15:58:27.320Z,365.62
2025-04-03T15:57:27.301Z,371.25
2025-04-03T15:56:27.297Z,331.88
2025-04-03T15:55:31.718Z,354.38
2025-04-03T15:54:27.496Z,455.62
2025-04-03T15:53:27.336Z,590.62
2025-04-03T15:52:27.374Z,624.38
2025-04-03T15:51:29.411Z,596.25
2025-04-03T15:50:27.456Z,517.50
2025-04-03T15:49:27.560Z,517.50
2025-04-03T15:48:28.266Z,573.75
2025-04-03T15:47:27.443Z,646.88
2025-04-03T15:46:27.459Z,680.62
2025-04-03T15:45:32.082Z,691.88
2025-04-03T15:44:27.500Z,708.75
2025-04-03T15:43:27.486Z,720.00
2025-04-03T15:42:27.459Z,742.50
2025-04-03T15:41:27.494Z,720.00
2025-04-03T15:40:27.466Z,697.50
2025-04-03T15:39:27.483Z,725.62
2025-04-03T15:38:27.499Z,759.38
2025-04-03T15:37:28.010Z,776.25
2025-04-03T15:36:27.598Z,765.00
2025-04-03T15:35:32.070Z,731.25
2025-04-03T15:34:29.687Z,714.38
2025-04-03T15:33:27.633Z,708.75
2025-04-03T15:32:27.631Z,686.25
2025-04-03T15:31:27.554Z,663.75
2025-04-03T15:30:27.581Z,590.62
2025-04-03T15:29:27.597Z,585.00
2025-04-03T15:28:27.580Z,686.25
2025-04-03T15:27:27.616Z,652.50
2025-04-03T15:26:27.654Z,630.00
2025-04-03T15:25:32.097Z,635.62
2025-04-03T15:24:27.665Z,635.62
2025-04-03T15:23:27.695Z,573.75
2025-04-03T15:22:27.646Z,596.25
2025-04-03T15:21:27.687Z,669.38
2025-04-03T15:20:27.676Z,720.00
2025-04-03T15:19:27.685Z,669.38
2025-04-03T15:18:27.825Z,601.88
2025-04-03T15:17:27.716Z,545.62
2025-04-03T15:16:27.827Z,556.88
2025-04-03T15:15:30.214Z,579.38
2025-04-03T15:14:27.742Z,534.38
2025-04-03T15:13:27.741Z,540.00
2025-04-03T15:12:27.834Z,495.00
2025-04-03T15:11:27.752Z,427.50
2025-04-03T15:10:27.767Z,393.75
2025-04-03T15:09:27.801Z,365.62
2025-04-03T15:08:27.795Z,376.88
2025-04-03T15:07:27.786Z,405.00
2025-04-03T15:06:27.914Z,258.75
2025-04-03T15:05:32.308Z,337.50
2025-04-03T15:04:27.907Z,433.12
2025-04-03T15:03:27.956Z,360.00
2025-04-03T15:02:27.845Z,410.62
2025-04-03T15:01:27.886Z,528.75
2025-04-03T15:00:28.055Z,607.50
2025-04-03T14:59:28.083Z,646.88
2025-04-03T14:58:27.883Z,691.88
2025-04-03T14:57:34.929Z,742.50
2025-04-03T14:56:27.917Z,680.62
2025-04-03T14:55:35.005Z,466.88
2025-04-03T14:54:27.933Z,292.50
2025-04-03T14:53:27.938Z,545.62
2025-04-03T14:52:27.937Z,416.25
2025-04-03T14:51:29.342Z,337.50
2025-04-03T14:50:34.814Z,545.62
2025-04-03T14:49:27.995Z,495.00
2025-04-03T14:48:28.087Z,472.50
2025-04-03T14:47:28.111Z,455.62
2025-04-03T14:46:28.029Z,658.12
2025-04-03T14:45:28.022Z,663.75
2025-04-03T14:44:28.118Z,601.88
2025-04-03T14:43:28.040Z,545.62
2025-04-03T14:42:28.085Z,556.88
2025-04-03T14:41:28.097Z,517.50
2025-04-03T14:40:29.576Z,416.25
2025-04-03T14:39:28.104Z,410.62
2025-04-03T14:38:32.510Z,556.88
2025-04-03T14:37:28.178Z,607.50
2025-04-03T14:36:28.328Z,579.38
2025-04-03T14:35:28.346Z,410.62
2025-04-03T14:34:28.310Z,348.75
2025-04-03T14:33:35.431Z,461.25
2025-04-03T14:32:34.072Z,551.25
2025-04-03T14:31:31.830Z,590.62
2025-04-03T14:30:34.254Z,596.25
2025-04-03T14:29:34.059Z,703.12
2025-04-03T14:28:28.204Z,691.88
2025-04-03T14:27:28.202Z,815.62
2025-04-03T14:26:28.233Z,765.00
2025-04-03T14:25:28.996Z,652.50
2025-04-03T14:24:28.242Z,708.75
2025-04-03T14:23:28.280Z,815.62
2025-04-03T14:22:28.244Z,871.88
2025-04-03T14:21:28.275Z,826.88
2025-04-03T14:20:32.012Z,776.25
2025-04-03T14:19:28.299Z,815.62
2025-04-03T14:18:28.765Z,821.25
2025-04-03T14:17:28.286Z,781.88
2025-04-03T14:16:28.405Z,787.50
2025-04-03T14:15:34.869Z,781.88
2025-04-03T14:14:28.323Z,731.25
2025-04-03T14:13:28.341Z,686.25
2025-04-03T14:12:28.339Z,731.25
2025-04-03T14:11:28.376Z,714.38
2025-04-03T14:10:28.377Z,646.88
2025-04-03T14:09:28.382Z,573.75
2025-04-03T14:08:28.404Z,545.62
2025-04-03T14:07:28.399Z,568.12
2025-04-03T14:06:28.618Z,590.62
2025-04-03T14:05:34.395Z,646.88
2025-04-03T14:04:28.471Z,686.25
2025-04-03T14:03:28.616Z,697.50
2025-04-03T14:02:28.468Z,663.75
2025-04-03T14:01:28.485Z,663.75
2025-04-03T14:00:29.290Z,624.38
2025-04-03T13:59:28.474Z,528.75
2025-04-03T13:58:28.491Z,444.38
2025-04-03T13:57:28.491Z,511.88
2025-04-03T13:56:28.519Z,618.75
2025-04-03T13:55:35.312Z,624.38
2025-04-03T13:54:28.548Z,568.12
2025-04-03T13:53:28.565Z,551.25
2025-04-03T13:52:28.573Z,534.38
2025-04-03T13:51:28.594Z,523.12
2025-04-03T13:50:28.591Z,517.50
2025-04-03T13:49:28.649Z,585.00
2025-04-03T13:48:28.815Z,579.38
2025-04-03T13:47:28.598Z,545.62
2025-04-03T13:46:28.643Z,540.00
2025-04-03T13:45:35.230Z,551.25
2025-04-03T13:44:28.647Z,545.62
2025-04-03T13:43:28.629Z,573.75
2025-04-03T13:42:28.658Z,641.25
2025-04-03T13:41:28.662Z,669.38
2025-04-03T13:40:28.718Z,607.50
2025-04-03T13:39:28.677Z,568.12
2025-04-03T13:38:28.687Z,562.50
2025-04-03T13:37:28.709Z,596.25
2025-04-03T13:36:28.742Z,641.25
2025-04-03T13:35:34.558Z,590.62
2025-04-03T13:34:28.725Z,517.50
2025-04-03T13:33:28.875Z,523.12
2025-04-03T13:32:28.836Z,562.50
2025-04-03T13:31:28.763Z,568.12
2025-04-03T13:30:28.762Z,534.38
2025-04-03T13:29:28.850Z,517.50
2025-04-03T13:28:28.773Z,540.00
2025-04-03T13:27:28.860Z,601.88
2025-04-03T13:26:29.747Z,579.38
2025-04-03T13:25:33.085Z,523.12
2025-04-03T13:24:29.095Z,545.62
2025-04-03T13:23:28.953Z,551.25
2025-04-03T13:22:28.960Z,495.00
2025-04-03T13:21:30.683Z,483.75
2025-04-03T13:20:31.597Z,556.88
2025-04-03T13:19:32.465Z,545.62
2025-04-03T13:18:33.249Z,495.00
2025-04-03T13:17:28.969Z,523.12
2025-04-03T13:16:28.965Z,528.75
2025-04-03T13:15:35.477Z,528.75
2025-04-03T13:14:35.100Z,534.38
2025-04-03T13:13:28.926Z,506.25
2025-04-03T13:12:29.022Z,511.88
2025-04-03T13:11:29.018Z,517.50
2025-04-03T13:10:29.189Z,506.25
2025-04-03T13:09:29.020Z,489.38
2025-04-03T13:08:28.976Z,489.38
2025-04-03T13:07:29.012Z,478.12
2025-04-03T13:06:29.218Z,461.25
2025-04-03T13:05:41.008Z,466.88
2025-04-03T13:04:29.077Z,450.00
2025-04-03T13:03:29.126Z,461.25
2025-04-03T13:02:29.115Z,466.88
2025-04-03T13:01:29.169Z,450.00
2025-04-03T13:00:29.394Z,433.12
2025-04-03T12:59:29.136Z,421.88
2025-04-03T12:58:29.138Z,461.25
2025-04-03T12:57:29.109Z,444.38
2025-04-03T12:56:29.161Z,433.12
2025-04-03T12:55:32.674Z,399.38
2025-04-03T12:54:29.131Z,416.25
2025-04-03T12:53:29.129Z,410.62
2025-04-03T12:52:29.191Z,388.12
2025-04-03T12:51:29.165Z,393.75
2025-04-03T12:50:29.203Z,399.38
2025-04-03T12:49:29.402Z,371.25
2025-04-03T12:48:29.288Z,371.25
2025-04-03T12:47:29.194Z,371.25
2025-04-03T12:46:29.243Z,388.12
2025-04-03T12:45:32.275Z,376.88
2025-04-03T12:44:29.281Z,371.25
2025-04-03T12:43:29.237Z,365.62
2025-04-03T12:42:29.293Z,354.38
2025-04-03T12:41:29.309Z,337.50
2025-04-03T12:40:29.291Z,365.62
2025-04-03T12:39:29.306Z,371.25
2025-04-03T12:38:29.335Z,348.75
2025-04-03T12:37:29.334Z,337.50
2025-04-03T12:36:29.369Z,331.88
2025-04-03T12:35:35.211Z,326.25
2025-04-03T12:34:29.488Z,309.38
2025-04-03T12:33:29.481Z,320.62
2025-04-03T12:32:29.388Z,309.38
2025-04-03T12:31:29.399Z,320.62
2025-04-03T12:30:29.400Z,315.00
2025-04-03T12:29:29.432Z,309.38
2025-04-03T12:28:29.385Z,309.38
2025-04-03T12:27:29.435Z,303.75
2025-04-03T12:26:29.416Z,298.12
2025-04-03T12:25:34.419Z,298.12
2025-04-03T12:24:29.525Z,298.12
2025-04-03T12:22:29.666Z,286.88
2025-04-03T12:20:38.911Z,275.62
2025-04-03T12:19:30.181Z,270.00
2025-04-03T12:18:42.635Z,264.38
2025-04-03T12:17:44.413Z,258.75
2025-04-03T12:16:49.953Z,258.75
2025-04-03T12:15:41.740Z,253.12
2025-04-03T12:14:31.655Z,253.12
2025-04-03T12:13:32.603Z,253.12
2025-04-03T12:12:31.629Z,253.12
2025-04-03T12:11:31.639Z,253.12
2025-04-03T12:10:30.733Z,253.12
2025-04-03T12:09:43.427Z,253.12
2025-04-03T12:08:30.838Z,247.50
2025-04-03T12:07:29.787Z,241.88
2025-04-03T12:05:34.918Z,253.12
2025-04-03T12:04:31.789Z,258.75
2025-04-03T12:03:31.797Z,253.12
2025-04-03T12:02:32.411Z,241.88
2025-04-03T12:01:33.523Z,225.00
2025-04-03T12:00:36.143Z,208.12
2025-04-03T11:59:39.477Z,202.50
2025-04-03T11:58:29.732Z,196.88
2025-04-03T11:57:29.730Z,196.88
2025-04-03T11:56:29.994Z,196.88
2025-04-03T11:55:34.740Z,191.25
2025-04-03T11:54:29.761Z,191.25
2025-04-03T11:53:29.780Z,191.25
2025-04-03T11:52:29.790Z,185.62
2025-04-03T11:51:29.818Z,185.62
2025-04-03T11:50:29.814Z,185.62
2025-04-03T11:49:29.835Z,185.62
2025-04-03T11:48:29.881Z,191.25
2025-04-03T11:47:29.956Z,185.62
2025-04-03T11:46:29.869Z,191.25
2025-04-03T11:45:37.427Z,196.88
2025-04-03T11:44:29.879Z,202.50
2025-04-03T11:43:29.948Z,202.50
2025-04-03T11:42:30.006Z,202.50
2025-04-03T11:41:29.892Z,191.25
2025-04-03T11:40:29.952Z,185.62
2025-04-03T11:39:29.924Z,185.62
2025-04-03T11:38:32.958Z,180.00
2025-04-03T11:37:30.069Z,180.00
2025-04-03T11:36:29.959Z,180.00
2025-04-03T11:35:35.214Z,180.00
2025-04-03T11:34:30.010Z,180.00
2025-04-03T11:33:30.204Z,180.00
2025-04-03T11:32:30.080Z,180.00
2025-04-03T11:31:30.131Z,180.00
2025-04-03T11:30:30.026Z,180.00
2025-04-03T11:29:30.050Z,180.00
2025-04-03T11:28:30.040Z,180.00
2025-04-03T11:27:30.173Z,180.00
2025-04-03T11:26:30.115Z,180.00
2025-04-03T11:25:34.428Z,185.62
2025-04-03T11:24:30.135Z,180.00
2025-04-03T11:23:30.102Z,185.62
2025-04-03T11:22:30.114Z,185.62
2025-04-03T11:21:30.165Z,185.62
2025-04-03T11:20:30.145Z,185.62
2025-04-03T11:19:30.141Z,185.62
2025-04-03T11:18:30.171Z,180.00
2025-04-03T11:17:30.430Z,180.00
2025-04-03T11:16:30.176Z,180.00
2025-04-03T11:15:35.669Z,180.00
2025-04-03T11:14:30.377Z,180.00
2025-04-03T11:13:37.451Z,180.00
2025-04-03T11:12:30.295Z,185.62
2025-04-03T11:11:30.476Z,180.00
2025-04-03T11:10:30.254Z,180.00
2025-04-03T11:09:30.791Z,180.00
2025-04-03T11:08:30.389Z,180.00
2025-04-03T11:07:33.723Z,174.38
2025-04-03T11:06:49.412Z,180.00
2025-04-03T11:05:42.825Z,180.00
2025-04-03T11:04:30.450Z,180.00
2025-04-03T11:03:30.475Z,180.00
2025-04-03T11:02:31.387Z,180.00
2025-04-03T11:01:32.400Z,180.00
2025-04-03T11:00:30.569Z,180.00
2025-04-03T10:59:30.358Z,174.38
2025-04-03T10:58:30.372Z,174.38
2025-04-03T10:57:38.070Z,174.38
2025-04-03T10:56:40.419Z,174.38
2025-04-03T10:54:35.912Z,168.75
2025-04-03T10:53:30.418Z,168.75
2025-04-03T10:52:30.447Z,168.75
2025-04-03T10:51:30.447Z,168.75
2025-04-03T10:50:30.492Z,168.75
2025-04-03T10:49:30.489Z,168.75
2025-04-03T10:48:30.572Z,168.75
2025-04-03T10:47:30.562Z,168.75
2025-04-03T10:46:30.572Z,168.75
2025-04-03T10:45:34.339Z,168.75
2025-04-03T10:44:32.845Z,168.75
2025-04-03T10:43:30.722Z,168.75
2025-04-03T10:42:30.547Z,168.75
2025-04-03T10:41:38.881Z,168.75
2025-04-03T10:40:30.550Z,168.75
2025-04-03T10:39:30.642Z,163.12
2025-04-03T10:38:40.249Z,163.12
2025-04-03T10:37:39.210Z,163.12
2025-04-03T10:36:30.655Z,157.50
2025-04-03T10:35:36.214Z,168.75
2025-04-03T10:34:30.640Z,163.12
2025-04-03T10:33:30.842Z,163.12
2025-04-03T10:32:30.720Z,163.12
2025-04-03T10:31:30.690Z,163.12
2025-04-03T10:30:30.669Z,163.12
2025-04-03T10:29:30.683Z,163.12
2025-04-03T10:28:30.768Z,163.12
2025-04-03T10:27:30.744Z,157.50
2025-04-03T10:26:30.754Z,157.50
2025-04-03T10:25:33.372Z,157.50
2025-04-03T10:24:30.779Z,157.50
2025-04-03T10:23:30.786Z,151.88
2025-04-03T10:22:30.876Z,157.50
2025-04-03T10:21:30.871Z,157.50
2025-04-03T10:20:30.804Z,151.88
2025-04-03T10:19:30.814Z,151.88
2025-04-03T10:18:30.953Z,151.88
2025-04-03T10:17:31.032Z,151.88
2025-04-03T10:16:30.870Z,146.25
2025-04-03T10:15:37.662Z,146.25
2025-04-03T10:14:30.864Z,146.25
2025-04-03T10:13:30.878Z,146.25
2025-04-03T10:12:30.918Z,146.25
2025-04-03T10:11:31.098Z,146.25
2025-04-03T10:09:30.909Z,146.25
2025-04-03T10:08:30.973Z,146.25
2025-04-03T10:07:30.971Z,146.25
2025-04-03T10:06:31.070Z,140.62
2025-04-03T10:05:38.643Z,140.62
2025-04-03T10:04:31.018Z,140.62
2025-04-03T10:03:31.206Z,140.62
2025-04-03T10:02:31.166Z,140.62
2025-04-03T10:01:31.997Z,135.00
2025-04-03T10:00:37.875Z,135.00
2025-04-03T09:59:41.847Z,129.38
2025-04-03T09:58:31.044Z,129.38
2025-04-03T09:57:31.032Z,129.38
2025-04-03T09:56:31.090Z,129.38
2025-04-03T09:55:31.080Z,129.38
2025-04-03T09:54:31.085Z,129.38
2025-04-03T09:53:31.496Z,129.38
2025-04-03T09:52:31.082Z,129.38
2025-04-03T09:51:31.111Z,129.38
2025-04-03T09:50:40.839Z,129.38
2025-04-03T09:49:31.146Z,129.38
2025-04-03T09:48:31.138Z,129.38
2025-04-03T09:47:31.134Z,135.00
2025-04-03T09:46:31.184Z,135.00
2025-04-03T09:45:31.195Z,135.00
2025-04-03T09:44:31.197Z,135.00
2025-04-03T09:43:31.212Z,135.00
2025-04-03T09:42:31.200Z,129.38
2025-04-03T09:41:31.290Z,135.00
2025-04-03T09:40:38.047Z,129.38
2025-04-03T09:39:31.229Z,129.38
2025-04-03T09:38:31.250Z,129.38
2025-04-03T09:37:31.281Z,129.38
2025-04-03T09:36:31.345Z,129.38
2025-04-03T09:35:31.319Z,129.38
2025-04-03T09:34:31.319Z,129.38
2025-04-03T09:33:31.427Z,129.38
2025-04-03T09:32:31.405Z,135.00
2025-04-03T09:31:31.307Z,135.00
2025-04-03T09:30:36.868Z,129.38
2025-04-03T09:29:31.339Z,135.00
2025-04-03T09:28:31.364Z,123.75
2025-04-03T09:27:33.668Z,123.75
2025-04-03T09:26:31.360Z,123.75
2025-04-03T09:25:31.401Z,129.38
2025-04-03T09:24:31.390Z,129.38
2025-04-03T09:23:31.416Z,129.38
2025-04-03T09:22:31.427Z,129.38
2025-04-03T09:21:31.467Z,129.38
2025-04-03T09:20:37.881Z,123.75
2025-04-03T09:19:31.530Z,129.38
2025-04-03T09:18:31.520Z,123.75
2025-04-03T09:17:31.540Z,123.75
2025-04-03T09:16:31.530Z,123.75
2025-04-03T09:15:31.518Z,123.75
2025-04-03T09:14:31.638Z,123.75
2025-04-03T09:13:31.526Z,118.12
2025-04-03T09:12:31.601Z,112.50
2025-04-03T09:11:31.661Z,118.12
2025-04-03T09:10:37.695Z,112.50
2025-04-03T09:09:31.547Z,112.50
2025-04-03T09:08:31.573Z,118.12
2025-04-03T09:07:31.589Z,118.12
2025-04-03T09:06:31.611Z,112.50
2025-04-03T09:05:31.644Z,112.50
2025-04-03T09:04:31.663Z,112.50
2025-04-03T09:03:31.787Z,112.50
2025-04-03T09:02:31.795Z,112.50
2025-04-03T09:01:31.726Z,118.12
2025-04-03T09:00:39.494Z,112.50
2025-04-03T08:59:31.689Z,106.88
2025-04-03T08:58:31.745Z,106.88
2025-04-03T08:57:31.720Z,101.25
2025-04-03T08:56:31.690Z,106.88
2025-04-03T08:55:31.757Z,101.25
2025-04-03T08:54:31.770Z,101.25
2025-04-03T08:53:31.741Z,112.50
2025-04-03T08:52:31.979Z,112.50
2025-04-03T08:51:31.759Z,112.50
2025-04-03T08:50:38.059Z,112.50
2025-04-03T08:49:31.854Z,106.88
2025-04-03T08:48:31.897Z,112.50
2025-04-03T08:47:31.981Z,112.50
2025-04-03T08:46:31.925Z,112.50
2025-04-03T08:45:31.840Z,112.50
2025-04-03T08:44:31.836Z,112.50
2025-04-03T08:43:31.860Z,112.50
2025-04-03T08:42:31.915Z,112.50
2025-04-03T08:41:31.996Z,112.50
2025-04-03T08:40:39.718Z,112.50
2025-04-03T08:39:31.877Z,112.50
2025-04-03T08:38:31.889Z,112.50
2025-04-03T08:37:31.996Z,112.50
2025-04-03T08:36:35.355Z,112.50
2025-04-03T08:35:31.940Z,112.50
2025-04-03T08:34:31.977Z,106.88
2025-04-03T08:33:31.960Z,106.88
2025-04-03T08:32:31.999Z,106.88
2025-04-03T08:31:32.055Z,106.88
2025-04-03T08:30:37.641Z,106.88
2025-04-03T08:29:32.035Z,106.88
2025-04-03T08:28:32.082Z,106.88
2025-04-03T08:27:32.439Z,106.88
2025-04-03T08:26:32.020Z,106.88
2025-04-03T08:25:32.154Z,106.88
2025-04-03T08:24:32.159Z,106.88
2025-04-03T08:23:32.110Z,106.88
2025-04-03T08:22:32.138Z,106.88
2025-04-03T08:21:39.745Z,106.88
2025-04-03T08:20:42.114Z,106.88
2025-04-03T08:19:32.141Z,106.88
2025-04-03T08:18:32.117Z,106.88
2025-04-03T08:17:32.182Z,106.88
2025-04-03T08:16:32.252Z,106.88
2025-04-03T08:15:36.537Z,112.50
2025-04-03T08:14:32.314Z,112.50
2025-04-03T08:13:32.204Z,106.88
2025-04-03T08:12:32.259Z,106.88
2025-04-03T08:11:32.284Z,106.88
2025-04-03T08:10:35.277Z,106.88
2025-04-03T08:09:39.483Z,106.88
2025-04-03T08:08:32.320Z,106.88
2025-04-03T08:07:32.284Z,106.88
2025-04-03T08:06:32.262Z,106.88
2025-04-03T08:05:32.322Z,106.88
2025-04-03T08:04:32.357Z,106.88
2025-04-03T08:03:32.466Z,106.88
2025-04-03T08:02:32.455Z,106.88
2025-04-03T08:01:32.420Z,101.25
2025-04-03T08:00:40.882Z,101.25
2025-04-03T07:59:34.798Z,101.25
2025-04-03T07:58:38.735Z,101.25
2025-04-03T07:57:32.383Z,101.25
2025-04-03T07:56:32.366Z,101.25
2025-04-03T07:55:36.140Z,101.25
2025-04-03T07:54:32.417Z,95.62
2025-04-03T07:53:32.444Z,95.62
2025-04-03T07:52:32.504Z,101.25
2025-04-03T07:51:32.402Z,101.25
2025-04-03T07:50:32.478Z,101.25
2025-04-03T07:49:32.520Z,101.25
2025-04-03T07:48:32.537Z,101.25
2025-04-03T07:47:32.562Z,95.62
2025-04-03T07:46:32.494Z,101.25
2025-04-03T07:45:40.050Z,101.25
2025-04-03T07:44:32.577Z,101.25
2025-04-03T07:43:32.560Z,95.62
2025-04-03T07:42:32.578Z,95.62
2025-04-03T07:41:32.550Z,95.62
2025-04-03T07:40:32.571Z,95.62
2025-04-03T07:39:32.546Z,95.62
2025-04-03T07:38:32.539Z,95.62
2025-04-03T07:37:32.623Z,95.62
2025-04-03T07:36:32.583Z,95.62
2025-04-03T07:35:38.230Z,95.62
2025-04-03T07:34:32.741Z,95.62
2025-04-03T07:33:32.651Z,95.62
2025-04-03T07:32:33.715Z,95.62
2025-04-03T07:31:33.501Z,95.62
2025-04-03T07:30:32.697Z,90.00
2025-04-03T07:29:32.668Z,90.00
2025-04-03T07:28:32.721Z,90.00
2025-04-03T07:27:32.695Z,90.00
2025-04-03T07:26:42.774Z,90.00
2025-04-03T07:25:40.130Z,90.00
2025-04-03T07:24:32.809Z,90.00
2025-04-03T07:23:32.712Z,90.00
2025-04-03T07:22:32.835Z,84.38
2025-04-03T07:21:32.767Z,84.38
2025-04-03T07:20:32.749Z,84.38
2025-04-03T07:19:32.827Z,84.38
2025-04-03T07:18:32.829Z,84.38
2025-04-03T07:17:32.798Z,84.38
2025-04-03T07:16:32.869Z,84.38
2025-04-03T07:15:41.272Z,84.38
2025-04-03T07:14:32.848Z,84.38
2025-04-03T07:13:32.965Z,84.38
2025-04-03T07:12:33.066Z,84.38
2025-04-03T07:11:33.143Z,78.75
2025-04-03T07:10:32.938Z,78.75
2025-04-03T07:09:32.872Z,78.75
2025-04-03T07:08:34.545Z,78.75
2025-04-03T07:07:32.923Z,78.75
2025-04-03T07:06:33.830Z,78.75
2025-04-03T07:05:40.828Z,78.75
2025-04-03T07:04:33.032Z,78.75
2025-04-03T07:03:33.015Z,73.12
2025-04-03T07:02:34.968Z,73.12
2025-04-03T07:01:33.081Z,73.12
2025-04-03T07:00:33.006Z,73.12
2025-04-03T06:59:33.010Z,73.12
2025-04-03T06:58:33.178Z,73.12
2025-04-03T06:57:33.012Z,67.50
2025-04-03T06:56:33.045Z,67.50
2025-04-03T06:55:35.086Z,67.50
2025-04-03T06:54:33.057Z,67.50
2025-04-03T06:53:33.181Z,67.50
2025-04-03T06:52:33.202Z,67.50
2025-04-03T06:51:33.122Z,67.50
2025-04-03T06:50:33.081Z,67.50
2025-04-03T06:49:33.187Z,67.50
2025-04-03T06:48:33.361Z,67.50
2025-04-03T06:47:33.169Z,67.50
2025-04-03T06:46:33.174Z,67.50
2025-04-03T06:45:41.274Z,67.50
2025-04-03T06:44:33.167Z,67.50
2025-04-03T06:43:33.207Z,61.88
2025-04-03T06:42:33.892Z,61.88
2025-04-03T06:41:33.190Z,61.88
2025-04-03T06:40:33.218Z,61.88
2025-04-03T06:39:33.240Z,61.88
2025-04-03T06:38:33.277Z,56.25
2025-04-03T06:37:33.274Z,56.25
2025-04-03T06:36:33.274Z,56.25
2025-04-03T06:35:36.796Z,56.25
2025-04-03T06:34:33.323Z,50.62
2025-04-03T06:33:33.371Z,50.62
2025-04-03T06:32:33.382Z,50.62
2025-04-03T06:31:33.406Z,45.00
2025-04-03T06:30:33.319Z,45.00
2025-04-03T06:29:33.308Z,45.00
2025-04-03T06:28:33.411Z,45.00
2025-04-03T06:27:33.431Z,45.00
2025-04-03T06:26:33.441Z,39.38
2025-04-03T06:25:40.077Z,39.38
2025-04-03T06:24:33.395Z,39.38
2025-04-03T06:23:33.408Z,39.38
2025-04-03T06:22:33.476Z,39.38
2025-04-03T06:21:33.409Z,39.38
2025-04-03T06:20:33.431Z,39.38
2025-04-03T06:19:33.463Z,39.38
2025-04-03T06:18:33.534Z,33.75
2025-04-03T06:17:33.695Z,33.75
2025-04-03T06:16:33.591Z,33.75
2025-04-03T06:15:43.142Z,33.75
2025-04-03T06:14:33.485Z,33.75
2025-04-03T06:13:33.578Z,33.75
2025-04-03T06:12:33.498Z,33.75
2025-04-03T06:11:33.609Z,33.75
2025-04-03T06:10:33.611Z,33.75
2025-04-03T06:09:33.530Z,28.12
2025-04-03T06:08:33.554Z,28.12
2025-04-03T06:07:33.606Z,28.12
2025-04-03T06:06:33.735Z,28.12
2025-04-03T06:05:40.406Z,28.12
2025-04-03T06:04:33.661Z,28.12
2025-04-03T06:03:33.701Z,28.12
2025-04-03T06:02:33.612Z,28.12
2025-04-03T06:01:33.704Z,28.12
2025-04-03T06:00:36.573Z,28.12
2025-04-03T05:59:33.671Z,22.50
2025-04-03T05:58:33.859Z,22.50
2025-04-03T05:57:33.704Z,22.50
2025-04-03T05:56:33.748Z,22.50
2025-04-03T05:55:41.353Z,22.50
2025-04-03T05:54:33.955Z,22.50
2025-04-03T05:53:33.696Z,22.50
2025-04-03T05:52:33.762Z,22.50
2025-04-03T05:51:33.713Z,22.50
2025-04-03T05:50:33.722Z,22.50
2025-04-03T05:49:33.855Z,22.50
2025-04-03T05:48:33.813Z,22.50
2025-04-03T05:47:33.900Z,22.50
2025-04-03T05:46:33.872Z,22.50
2025-04-03T05:45:39.927Z,16.88
2025-04-03T05:44:33.825Z,16.88
2025-04-03T05:43:33.858Z,16.88
2025-04-03T05:42:33.862Z,16.88
2025-04-03T05:41:33.863Z,16.88
2025-04-03T05:40:33.848Z,16.88
2025-04-03T05:39:33.873Z,16.88
2025-04-03T05:38:33.868Z,16.88
2025-04-03T05:37:33.940Z,16.88
2025-04-03T05:36:33.883Z,16.88
2025-04-03T05:35:41.269Z,16.88
2025-04-03T05:34:33.942Z,16.88
2025-04-03T05:33:34.022Z,16.88
2025-04-03T05:32:34.055Z,16.88
2025-04-03T05:31:34.147Z,16.88
2025-04-03T05:30:33.941Z,16.88
2025-04-03T05:29:33.980Z,11.25
2025-04-03T05:28:34.038Z,11.25
2025-04-03T05:27:33.978Z,11.25
2025-04-03T05:26:35.294Z,11.25
2025-04-03T05:25:39.388Z,11.25
2025-04-03T05:24:34.004Z,11.25
2025-04-03T05:23:34.052Z,11.25
2025-04-03T05:22:34.079Z,11.25
2025-04-03T05:21:34.056Z,11.25
2025-04-03T05:20:34.081Z,11.25
2025-04-03T05:19:34.096Z,11.25
2025-04-03T05:18:35.196Z,11.25
2025-04-03T05:17:34.159Z,11.25
2025-04-03T05:16:34.140Z,11.25
2025-04-03T05:15:39.247Z,11.25
2025-04-03T05:14:34.126Z,11.25
2025-04-03T05:13:34.257Z,11.25
2025-04-03T05:12:34.145Z,11.25
2025-04-03T05:11:34.215Z,11.25
2025-04-03T05:10:34.196Z,11.25
2025-04-03T05:09:34.224Z,5.62
2025-04-03T05:08:34.451Z,5.62
2025-04-03T05:07:34.262Z,5.62
2025-04-03T05:06:34.242Z,5.62
2025-04-03T05:05:44.284Z,5.62
2025-04-03T05:04:34.263Z,5.62
2025-04-03T05:03:34.276Z,5.62
2025-04-03T05:02:34.279Z,5.62
2025-04-03T05:01:34.363Z,5.62
2025-04-03T05:00:34.327Z,5.62
2025-04-03T04:59:34.305Z,5.62
2025-04-03T04:58:34.457Z,5.62
2025-04-03T04:57:34.329Z,5.62
2025-04-03T04:56:34.440Z,5.62
2025-04-03T04:55:43.158Z,5.62
2025-04-03T04:54:34.424Z,5.62
2025-04-03T04:53:34.344Z,5.62
2025-04-03T04:52:34.451Z,5.62
2025-04-03T04:51:34.408Z,5.62
2025-04-03T04:50:34.404Z,0.00
2025-04-03T04:49:34.417Z,0.00
2025-04-03T04:48:34.863Z,0.00
2025-04-03T04:47:34.499Z,0.00
2025-04-03T04:46:34.486Z,0.00
2025-04-03T04:45:43.132Z,0.00
2025-04-03T04:44:34.461Z,0.00
2025-04-03T04:43:34.484Z,0.00
2025-04-03T04:42:34.491Z,0.00
2025-04-03T04:41:34.521Z,0.00
2025-04-03T04:40:34.529Z,0.00
2025-04-03T04:39:34.509Z,0.00
2025-04-03T04:38:34.539Z,0.00
2025-04-03T04:37:36.957Z,0.00
2025-04-03T04:36:34.536Z,0.00
2025-04-03T04:35:42.571Z,0.00
2025-04-03T04:34:34.610Z,0.00
2025-04-03T04:33:34.599Z,0.00
2025-04-03T04:32:34.689Z,0.00
2025-04-03T04:31:34.634Z,0.00
2025-04-03T04:30:34.594Z,0.00
2025-04-03T04:29:34.609Z,0.00
2025-04-03T04:28:34.722Z,0.00
2025-04-03T04:27:34.618Z,0.00
2025-04-03T04:26:34.689Z,0.00
2025-04-03T04:25:38.923Z,0.00
2025-04-03T04:24:34.669Z,0.00
2025-04-03T04:23:34.696Z,0.00
2025-04-03T04:22:34.734Z,0.00
2025-04-03T04:21:34.702Z,0.00
2025-04-03T04:20:37.324Z,0.00
2025-04-03T04:19:34.743Z,0.00
2025-04-03T04:18:34.861Z,0.00
2025-04-03T04:17:34.748Z,0.00
2025-04-03T04:16:34.800Z,0.00
2025-04-03T04:15:40.002Z,0.00
2025-04-03T04:14:34.815Z,0.00
2025-04-03T04:13:34.827Z,0.00
2025-04-03T04:12:34.777Z,0.00
2025-04-03T04:11:34.870Z,0.00
2025-04-03T04:10:34.859Z,0.00
2025-04-03T04:09:34.867Z,0.00
2025-04-03T04:08:34.871Z,0.00
2025-04-03T04:07:34.908Z,0.00
2025-04-03T04:06:35.010Z,0.00
2025-04-03T04:05:41.919Z,0.00
2025-04-03T04:04:34.994Z,0.00
2025-04-03T04:03:35.171Z,0.00
2025-04-03T04:02:34.951Z,0.00
2025-04-03T04:01:34.973Z,0.00
2025-04-03T04:00:34.917Z,0.00
2025-04-03T03:59:35.037Z,0.00
2025-04-03T03:58:35.035Z,0.00
2025-04-03T03:57:35.024Z,0.00
2025-04-03T03:56:35.098Z,0.00
2025-04-03T03:55:41.888Z,0.00
2025-04-03T03:54:35.074Z,0.00
2025-04-03T03:53:35.052Z,0.00
2025-04-03T03:52:35.158Z,0.00
2025-04-03T03:51:35.092Z,0.00
2025-04-03T03:50:35.115Z,0.00
2025-04-03T03:49:35.143Z,0.00
2025-04-03T03:48:35.380Z,0.00
2025-04-03T03:47:35.165Z,0.00
2025-04-03T03:46:35.179Z,0.00
2025-04-03T03:45:41.320Z,0.00
2025-04-03T03:44:35.178Z,0.00
2025-04-03T03:43:35.178Z,0.00
2025-04-03T03:42:35.212Z,0.00
2025-04-03T03:41:35.178Z,0.00
2025-04-03T03:40:35.209Z,0.00
2025-04-03T03:39:35.221Z,0.00
2025-04-03T03:38:35.223Z,0.00
2025-04-03T03:37:35.254Z,0.00
2025-04-03T03:36:35.236Z,0.00
2025-04-03T03:35:40.732Z,0.00
2025-04-03T03:34:35.287Z,0.00
2025-04-03T03:33:35.330Z,0.00
2025-04-03T03:32:35.325Z,0.00
2025-04-03T03:31:35.329Z,0.00
2025-04-03T03:30:35.297Z,0.00
2025-04-03T03:29:35.332Z,0.00
2025-04-03T03:28:35.348Z,0.00
2025-04-03T03:27:35.397Z,0.00
2025-04-03T03:26:35.369Z,0.00
2025-04-03T03:25:40.776Z,0.00
2025-04-03T03:24:35.382Z,0.00
2025-04-03T03:23:35.501Z,0.00
2025-04-03T03:22:35.419Z,0.00
2025-04-03T03:21:35.402Z,0.00
2025-04-03T03:20:35.407Z,0.00
2025-04-03T03:19:35.476Z,0.00
2025-04-03T03:18:35.494Z,0.00
2025-04-03T03:17:38.550Z,0.00
2025-04-03T03:16:35.496Z,0.00
2025-04-03T03:15:46.347Z,0.00
2025-04-03T03:14:35.476Z,0.00
2025-04-03T03:13:35.590Z,0.00
2025-04-03T03:12:35.488Z,0.00
2025-04-03T03:11:35.566Z,0.00
2025-04-03T03:10:35.560Z,0.00
2025-04-03T03:09:42.013Z,0.00
2025-04-03T03:08:44.330Z,0.00
2025-04-03T03:07:35.583Z,0.00
2025-04-03T03:06:35.655Z,0.00
2025-04-03T03:05:43.879Z,0.00
2025-04-03T03:04:42.142Z,0.00
2025-04-03T03:03:35.663Z,0.00
2025-04-03T03:02:42.236Z,0.00
2025-04-03T03:01:35.662Z,0.00
2025-04-03T03:00:34.635Z,0.00
